Dates,Total Cases,Daily Cases,Total Recovered,Active Cases
26/02,1,1,0,1
27/02,3,2,0,3
28/02,4,1,0,4
29/02,7,3,0,4
01/03,7,0,0,7
02/03,7,0,0,7
03/03,7,0,0,7
04/03,9,2,0,9
05/03,31,22,0,31
06/03,45,14,0,45
07/03,66,21,0,46
08/03,73,7,0,73
09/03,84,11,0,73
10/03,89,5,0,89
11/03,99,10,0,98
12/03,117,18,2,98
13/03,190,73,2,189
14/03,228,38,8,217
15/03,331,103,10,319
16/03,352,21,10,319
17/03,387,35,14,374
18/03,418,31,14,405
19/03,464,46,19,404
20/03,495,31,19,470
21/03,530,35,19,498
22/03,624,94,19,590
23/03,695,71,29,649
24/03,743,48,32,694
25/03,821,78,36,763
26/03,892,71,42,830
27/03,966,74,52,886
28/03,1061,95,52,977
29/03,1156,95,53,1066
30/03,1212,56,53,1117
31/03,1314,102,53,1213
01/04,1415,101,53,1313
02/04,1544,129,53,1430
03/04,1613,69,53,1472
04/04,1673,60,53,1527
05/04,1735,62,53,1584
06/04,1755,20,269,1407
07/04,1832,77,269,1482
08/04,1884,52,269,1532
09/04,1955,71,269,1599
10/04,2009,54,269,1650
11/04,2081,72,269,1719
12/04,2114,33,269,1747
13/04,2145,31,269,1777
14/04,2170,25,269,1800
15/04,2192,22,269,1821
16/04,2207,15,269,1833
17/04,2224,17,269,1847
18/04,2235,11,269,1856
19/04,2235,0,269,1853
20/04,2245,10,269,1860
21/04,2401,156,269,1703
22/04,2408,7,269,1710
23/04,2463,55,269,1761
24/04,2490,27,269,1783
25/04,2506,16,269,1799
26/04,2517,11,269,1806
27/04,2534,17,269,1821
28/04,2566,32,269,1851
29/04,2576,10,269,1860
30/04,2591,15,1374,1077
01/05,2612,21,1374,1098
02/05,2620,8,1374,1103
03/05,2626,6,1374,1108
04/05,2632,6,1374,1112
05/05,2642,10,1374,1122
06/05,2663,21,1374,1142
07/05,2678,15,1374,1156
08/05,2691,13,1374,1167
09/05,2710,19,1374,1185
10/05,2716,6,1374,1191
11/05,2726,10,1374,1201
12/05,2744,18,1374,1218
13/05,2760,16,1374,1231
14/05,2770,10,1374,1240
15/05,2810,40,1374,1276
16/05,2819,9,1374,1283
17/05,2834,15,1374,1297
18/05,2836,2,1374,1297
19/05,2840,4,1374,1301
20/05,2850,10,1374,1310
21/05,2853,3,1374,1311
22/05,2873,21,1374,1331
23/05,2876,3,1374,1331
24/05,2878,2,1374,1333
25/05,2882,4,1374,1336
26/05,2889,7,1374,1345
27/05,2903,18,1374,1356
28/05,2906,3,1374,1357
29/05,2909,5,1374,1360
30/05,2915,7,1374,1366
31/05,2917,2,1374,1368
01/06,2918,2,1374,1365
02/06,2937,19,1374,1384
03/06,2937,0,1374,1384
04/06,2952,15,1374,1398
05/06,2967,15,1374,1413
06/06,2980,13,1374,1426
07/06,2997,17,1374,1443
08/06,3049,52,1374,1493
09/06,3058,9,1374,1501
10/06,3068,11,1374,1511
11/06,3088,20,1374,1531
12/06,3108,20,1374,1551
13/06,3112,4,1374,1555
14/06,3121,9,1374,1564
15/06,3134,13,1374,1576
16/06,3148,15,1374,1589
17/06,3203,55,1374,1642
18/06,3227,24,1374,1665
19/06,3237,10,1374,1674
20/06,3256,19,1374,1692
21/06,3266,10,1374,1702
22/06,3287,21,1374,1723
23/06,3302,16,1374,1738
24/06,3310,8,1374,1746
25/06,3321,13,1374,1756
26/06,3343,22,1374,1778
27/06,3366,23,1374,1801
28/06,3376,10,1374,1811
29/06,3390,15,1374,1825
30/06,3409,20,1374,1843
01/07,3432,23,1374,1866
02/07,3458,28,1374,1892
03/07,3486,28,1374,1920
04/07,3511,25,1374,1945
05/07,3519,9,1374,1953
06/07,3562,43,1374,1996
07/07,3589,27,1374,2022
08/07,3622,33,1374,2055
09/07,3672,50,1374,2105
10/07,3732,60,1374,2165
11/07,3772,41,1374,2205
12/07,3803,31,1374,2236
13/07,3826,24,1374,2259
14/07,3883,58,1374,2316
15/07,3910,27,1374,2343
16/07,3939,35,1374,2372
17/07,3964,28,1374,2396
18/07,3983,19,1374,2415
19/07,4007,24,1374,2439
20/07,4012,11,1374,2443
21/07,4048,36,1374,2477
22/07,4077,32,1374,2503
23/07,4110,33,1374,2535
24/07,4135,26,1374,2560
25/07,4166,31,1374,2591
26/07,4193,27,1374,2617
27/07,4227,35,1374,2651
28/07,4279,52,1374,2702
29/07,4336,57,1374,2759
30/07,4401,65,1374,2824
31/07,4477,78,3562,709
01/08,4587,110,3562,819
02/08,4662,75,3562,892
03/08,4737,77,3562,965
04/08,4855,121,3562,1084
05/08,4973,124,3562,1201
06/08,5123,153,3562,1351
07/08,5270,151,3562,1498
08/08,5421,152,3562,1648
09/08,5623,203,3562,1849
10/08,5749,126,3562,1974
11/08,5942,196,3562,2166
12/08,6177,262,3804,2157
13/08,6381,204,3804,2356
14/08,6632,254,3804,2605
15/08,6858,230,3804,2828
16/08,7075,217,3804,3043
17/08,7222,150,3804,3188
18/08,7472,269,3804,3436
19/08,7684,217,3804,3645
20/08,7934,269,3804,3895
21/08,8138,209,3804,4096
22/08,8381,264,3804,4337
23/08,8664,284,3804,4618
24/08,8819,170,3804,4773
25/08,8987,168,3804,4940
26/08,9280,293,3804,5228
27/08,9531,259,3804,5473
28/08,9800,270,3804,5737
29/08,9977,177,3804,5913
30/08,10134,157,3804,6068
31/08,10317,183,3804,6247
01/09,10524,207,3804,6449
02/09,10757,233,3804,6680
03/09,10998,241,3804,6916
04/09,11200,202,3804,7117
05/09,11386,187,3804,7302
06/09,11524,144,3804,7436
07/09,11663,156,6486,4888
08/09,11832,169,6486,5056
09/09,12080,248,6486,5301
10/09,12452,372,6486,5669
11/09,12734,287,6486,5948
12/09,13036,302,6486,6248
13/09,13240,207,6486,6449
14/09,13420,180,6486,6624
15/09,13730,310,6486,6931
16/09,14041,312,6486,7239
17/09,14400,359,6486,7589
18/09,14738,339,6486,7925
19/09,14978,240,6486,8161
20/09,15142,170,6486,8318
21/09,15595,453,6486,8765
22/09,15928,346,6486,9090
23/09,16286,358,6486,9443
24/09,16627,342,10759,5502
25/09,16913,286,10759,5785
26/09,17228,315,10759,6093
27/09,17444,218,10759,6306
28/09,17707,269,10759,6565
29/09,18123,416,10759,6976
30/09,18475,354,10759,7325
01/10,18886,411,10759,7734
02/10,19346,460,11686,7262
03/10,19613,267,11686,7522
04/10,19842,229,11686,7747
05/10,20142,303,11686,8039
06/10,20541,399,11686,8435
07/10,20947,407,11686,8837
08/10,21381,436,11686,9265
09/10,21772,391,11686,9655
10/10,22078,306,11686,9956
11/10,22358,280,11686,10223
12/10,22652,295,11686,10510
13/10,23060,408,13199,9399
14/10,23495,436,16437,6589
15/10,23947,453,16437,7028
16/10,24450,508,16437,7523
17/10,24932,482,16437,7995
18/10,25370,438,16437,8424
19/10,25802,438,16437,8845
20/10,26469,667,16437,9504
21/10,27334,865,19749,7051
22/10,28216,882,19749,7918
23/10,29057,841,19749,8749
24/10,29992,935,19749,9679
25/10,30782,790,19749,10459
26/10,31496,715,19749,11166
27/10,32752,1259,19749,12410
28/10,34299,1547,19749,13947
29/10,35510,1211,23074,11821
30/10,37196,1690,23074,13502
31/10,39251,2056,23074,15551
01/11,40929,1678,23074,17220
02/11,42080,1152,23074,18364
03/11,44246,2166,23074,20517
04/11,46892,2646,23074,23145
05/11,49807,2917,23074,26031
06/11,52254,2448,23074,28465
07/11,54809,2556,23074,30986
08/11,56698,1914,23074,32840
09/11,58187,1490,23074,34288
10/11,60570,2384,23074,36630
11/11,63321,2752,23074,39338
12/11,66637,3316,23074,42604
13/11,69675,3038,23074,45604
14/11,72510,2835,23074,48401
15/11,74205,1698,23074,50025
16/11,76403,2198,23074,52164
17/11,78825,2422,23074,54523
18/11,82034,3209,23074,57672
19/11,85261,3227,23074,60840
20/11,87812,2581,23074,63319
21/11,90121,2311,23074,65520
22/11,91619,1498,23074,66915
23/11,93006,1388,23074,68218
24/11,95137,2135,23074,70248
25/11,97288,2152,23074,72312
26/11,99306,2018,23074,74231
27/11,101287,2013,23074,76111
28/11,103034,1747,23074,77737
29/11,104227,1193,23074,78832
30/11,105271,1044,23074,79791
01/12,107470,2199,23074,81879
02/12,109655,2186,23074,83975
03/12,111537,1882,23074,85757
04/12,113185,1667,23074,87307
05/12,114568,1383,23074,88592
06/12,115471,904,23074,89394
07/12,116721,1251,23074,90555
08/12,118045,1382,23074,91777
09/12,119720,1677,23074,93357
10/12,121253,1534,23074,94809
11/12,122648,1395,23074,96102
12/12,123842,1194,23074,97228
13/12,124534,693,23074,97835
14/12,125173,639,23074,98412
15/12,126372,1240,23074,99513
16/12,127557,1190,23074,17058
17/12,128710,1155,23074,18135
18/12,129584,916,23074,18955
19/12,130485,901,98312,28071
20/12,131072,588,98312,28588
21/12,131597,526,98312,29028
22/12,132430,853,98312,29778
23/12,133365,937,98312,30651
24/12,134235,873,98312,31466
